   116136955  1332262948  -552635457    -8550757
  1710406390  2059921717   857483489  1949146378
  -663451497 -1319399452   311236353  1515193573
  1446756160 -1311364182  1182742282  -461855068
 -1056263125  1179373139 -2055809351  -456542053
  -592855079  2123700382 -1551221886  2026437292
  1222144539  -234900077  1962253397   123366006
  1307686610   763144721  1824109051  -170380597
   655813371 -1102661565 -1452748596   328056471
 -1515775299  1423108134 -1806596353  1098582320
  2030617366  -160889760   876034581  -452698191
   992768099  1240330700   689590834   172454315
 -1078384044  -186152540  2097115621  1261371612
 -1399279644  1280733372   268383454  -979615365
 -1711571004  1348852197  1449977884 -1247409862
  -869327399  -868649354  1135032316  -702521387
  -112470648   151843602   960400359  1595188093
 -1812582989   316721649 -1351069603   884121567
 -1047126704   -33727482   834055083
